---numAnimators---
Fuzzy1
--filePath--
3
Death
7
0 0 128 128
128 0 256 128
256 0 384 128
384 0 512 128
512 0 640 128
640 0 768 128
768 0 896 128
7
0 1 2 3 4 5 6
Attack
5
0 128 128 256
128 128 256 256
256 128 384 256
384 128 512 256
512 128 640 256
9
0 1 2 1 0 3 4 0 2
Movement
5
0 256 128 384
128 256 256 384
256 256 384 384
384 256 512 384
512 256 640 384
8
0 1 2 3 4 3 2 1
Fuzzy2
--filePath--
5
Death
7
0 0 128 128
128 0 256 128
256 0 384 128
384 0 512 128
512 0 640 128
640 0 768 128
768 0 896 128
7
0 1 2 3 4 5 6
Attack
6
0 128 128 256
128 128 256 256
256 128 384 256
384 128 512 256
512 128 640 256
640 128 768 256
10
0 1 2 3 4 5 4 3 2 1
Movement
3
0 256 128 384
128 256 256 384
256 256 384 384
4
0 1 0 2
Charging
3
0 384 128 512
128 384 256 512
256 384 384 512
3
0 1 2
Dust
3
0 512 128 640
128 512 256 640
256 512 384 640
3
1 0 2
Fuzzy3  ---AWAIT UPDATED SHEET---
--filePath--
4
Death
7
0 0 128 128
128 0 256 128
256 0 384 128
384 0 512 128
512 0 640 128
640 0 768 128
768 0 896 128
7
0 1 2 3 4 5 6
Attack
7
0 128 128 256
128 128 256 256
256 128 384 256
384 128 512 256
512 128 640 256
640 128 768 256
768 128 896 256
10
0 1 2 3 4 5 4 3 2 6
Movement
5
0 256 128 384
128 256 256 384
256 256 384 384
384 256 512 384
512 256 640 384
9
0 1 2 1 0 3 4 3 0
ShockWave ---guessing---
3
0 384 256 640
256 384 512 640
512 384 768 640
3
0 1 2
Landmine
-filePath-
1
Explode
6
0 0 200 200
200 0 400 200
400 0 600 200
600 0 800 200
800 0 1000 200
1000 0 1200 200
6
0 1 2 3 4 5
TapIndicator
-filePath-
5
Repulsor
5
0 0 50 50
50 0 100 50
100 0 150 50
150 0 200 50
200 0 250 50
8
0 1 2 3 4 3 2 1
GreenSelect
5
250 0 300 50
300 0 350 50
350 0 400 50
400 0 450 50
450 0 500 50
8
0 1 2 3 4 3 2 1
RedSelect
5
0 50 50 100
50 50 100 100
100 50 150 100
150 50 200 100
200 50 250 100
8
0 1 2 3 4 3 2 1
PurpleSelect
5
250 50 300 100
300 50 350 100
350 50 400 100
400 50 450 100
450 50 500 100
8
0 1 2 3 4 3 2 1
MoveIndicator
9
0 100 50 150
50 100 100 150
100 100 150 150
150 100 200 150
200 100 250 150
250 100 300 150
300 100 350 150
350 100 400 150
400 100 450 150
9
0 1 2 3 4 5 6 7 8
-------------------------------------------------------------WiP----------------------------------------------------------